#================================================= 
#| Ryan's Auto-Generated MITgcm data.layers file | 
#================================================= 
 &LAYERS_PARM01
 useBolus=.TRUE.,

 layers_name(2) = 'TH'
 layers_bounds(1:113,2)=-50.0,
          -4.0, -2.0, -1.6,
          -1.4, -1.0, -0.6, -0.2,  0.2,  0.6,  1.0,
           1.2,  1.6,  2.0,  2.4,  2.8,  3.2,  3.6,
           3.8,  4.2,  4.6,  5.0,  5.4,  5.8,  6.2,
           6.4,  6.8,  7.2,  7.6,  8.0,  8.4,  8.8,
           9.0,  9.4,  9.8, 10.2, 10.6, 11.0, 11.4,
          11.6, 12.0, 12.4, 12.8, 13.2, 13.6, 14.0,
          14.2, 14.6, 15.0, 15.4, 15.8, 16.2, 16.6,
          16.8, 17.2, 17.6, 18.0, 18.4, 18.8, 19.2,
          19.4, 19.8, 20.2, 20.6, 21.0, 21.4, 21.8,
          22.0, 22.4, 22.8, 23.2, 23.6, 24.0, 24.4,
          24.6, 25.0, 25.4, 25.8, 26.2, 26.6, 27.0,
          27.2, 27.6, 28.0, 28.4, 28.8, 29.2, 29.6,
          29.8, 30.2, 30.6, 31.0, 31.4, 31.8, 32.2,
          32.4, 32.8, 33.2, 33.6, 34.0, 34.4, 34.8,
          35.0, 35.4, 35.8, 36.2, 36.6, 37.0, 37.5,
          38.0, 38.5, 39.0, 50.0,

 layers_name(1)= 'SLT'
 layers_bounds(1:113,1) =  
   0.00, 7.75, 8.00, 8.25, 8.50,
   8.75, 9.00, 9.25, 9.50, 9.75,
  10.00,10.25,10.50,10.75,11.00,
  11.25,11.50,11.75,12.00,12.25,
  12.50,12.75,13.00,13.25,13.50,
  13.75,14.00,14.25,14.50,14.75,
  15.00,15.25,15.50,15.75,16.00,
  16.25,16.50,16.75,17.00,17.25,
  17.50,17.75,18.00,18.25,18.50,
  18.75,19.00,19.25,19.50,19.75,
  20.00,20.25,20.50,20.75,21.00,
  21.25,21.50,21.75,22.00,22.25,
  22.50,22.75,23.00,23.25,23.50,
  23.75,24.00,24.25,24.50,24.75,
  25.00,25.25,25.50,25.75,26.00,
  26.25,26.50,26.75,27.00,27.25,
  27.50,27.75,28.00,28.25,28.50,
  28.75,29.00,29.25,29.50,29.75,
  30.00,30.25,30.50,30.75,31.00,
  31.25,31.50,31.75,32.00,32.25,
  32.50,32.75,33.00,33.25,33.50,
  33.75,34.00,34.25,34.50,34.75,
  35.00,35.25,50.00,

#sigma0
 layers_name(3) = 'RHO'
 layers_krho(3) = 1
 layers_bounds(1:113,3) =
          14.00,15.00,16.00,17.00,18.00,19.00,
          20.00,20.20,20.40,20.60,20.80,21.00,21.20,21.40,
          21.60,21.80,22.00,22.20,22.40,22.60,22.80,23.00,
          23.20,23.40,23.60,23.80,24.00,24.20,24.40,24.60,
          24.80,25.00,25.20,25.40,25.60,25.80,26.00,26.20,
          26.40,26.60,26.80,27.00,27.20,27.40,27.45,27.50,
          27.55,27.60,27.65,27.70,27.75,27.80,27.84,27.88,
          27.92,27.96,28.00,28.04,28.08,28.12,28.16,28.20,
          28.24,28.28,28.32,28.36,28.40,28.44,28.48,28.52,
          28.56,28.60,28.64,28.68,28.72,28.76,28.80,28.84,
          28.88,28.92,28.96,29.00,29.04,29.08,29.12,29.16,
          29.20,29.24,29.28,29.32,29.36,29.40,29.44,29.48,
          29.52,29.56,29.60,29.64,29.68,29.72,29.76,29.80,
          29.85,29.90,29.95,30.00,30.20,30.40,30.60,30.80,
          31.00,32.00,50.00,
          
 &
